51075.376805 r 17.751 0.006
51075.377638 i 17.631 0.007
51075.378472 u 19.315 0.027
51075.379305 z 17.616 0.019
51075.380138 g 18.046 0.006
51818.346457 r 17.532 0.006
51818.347290 i 17.468 0.006
51818.348124 u 18.974 0.025
51818.348957 z 17.439 0.015
51818.349790 g 17.720 0.006
52170.397454 r 17.761 0.006
52170.398287 i 17.662 0.007
52170.399121 u 19.256 0.029
52170.399954 z 17.637 0.017
52170.400787 g 18.047 0.006
52173.310837 r 17.712 0.006
52173.311670 i 17.614 0.007
52173.312504 u 19.266 0.037
52173.313337 z 17.569 0.020
52173.314170 g 18.004 0.006
52196.395973 r 17.769 0.006
52196.396806 i 17.687 0.007
52196.397640 u 19.202 0.031
52196.398473 z 17.693 0.019
52196.399306 g 17.996 0.006
52207.362770 r 17.330 0.006
52207.363603 i 17.319 0.006
52207.364437 u 18.717 0.021
52207.365270 z 17.332 0.014
52207.366103 g 17.422 0.005
52224.290968 r 17.443 0.006
52224.291801 i 17.410 0.007
52224.292635 u 18.854 0.024
52224.293468 z 17.405 0.014
52224.294301 g 17.621 0.006
52231.276385 r 17.799 0.007
52231.277218 i 17.698 0.007
52231.278052 u 19.305 0.031
52231.278885 z 17.669 0.016
52231.279718 g 18.072 0.006
52234.247475 r 17.759 0.007
52234.248308 i 17.650 0.007
52234.249142 u 19.297 0.030
52234.249975 z 17.641 0.015
52234.250808 g 18.032 0.006
52261.210831 r 17.705 0.009
52261.211664 i 17.588 0.010
52261.212498 u 19.200 0.034
52261.213331 z 17.547 0.017
52261.214164 g 17.988 0.008
52282.137460 r 17.541 0.006
52282.138293 i 17.469 0.006
52282.139127 u 19.052 0.028
52282.139960 z 17.443 0.016
52282.140793 g 17.764 0.006
52287.091322 r 17.670 0.006
52287.092155 i 17.573 0.006
52287.092989 u 19.236 0.029
52287.093822 z 17.546 0.015
52287.094655 g 17.968 0.006
52552.410026 r 17.415 0.005
52552.410859 i 17.418 0.006
52552.411693 u 18.754 0.023
52552.412526 z 17.416 0.015
52552.413359 g 17.498 0.005
52557.384384 r 17.537 0.006
52557.385217 i 17.467 0.006
52557.386051 u 19.005 0.026
52557.386884 z 17.431 0.015
52557.387717 g 17.759 0.006
52908.358950 r 17.432 0.005
52908.359783 i 17.416 0.006
52908.360617 u 18.769 0.022
52908.361450 z 17.401 0.014
52908.362283 g 17.519 0.005
52912.338389 r 17.711 0.006
52912.339222 i 17.608 0.006
52912.340056 u 19.254 0.032
52912.340889 z 17.585 0.016
52912.341722 g 17.990 0.006
52934.290854 r 17.301 0.005
52934.291687 i 17.312 0.006
52934.292521 u 18.635 0.021
52934.293354 z 17.327 0.015
52934.294187 g 17.369 0.005
52936.286780 r 17.582 0.006
52936.287613 i 17.493 0.007
52936.288447 u 19.076 0.025
52936.289280 z 17.473 0.014
52936.290113 g 17.829 0.006
53270.350839 r 17.378 0.014
#53270.351672 i -99.000 0.014
#53270.352505 u -99.000 0.183
53270.353339 z 17.374 0.015
#53270.354172 g -99.000 0.017
53272.400781 r 17.637 0.006
53272.401614 i 17.535 0.006
53272.402448 u 19.106 0.032
53272.403281 z 17.518 0.017
53272.404114 g 17.910 0.006
53286.369500 r 17.779 0.006
53286.370333 i 17.657 0.007
53286.371167 u 19.324 0.036
53286.372000 z 17.613 0.016
53286.372833 g 18.079 0.006
53288.327990 r 17.823 0.007
53288.328823 i 17.728 0.007
53288.329657 u 19.342 0.031
53288.330490 z 17.674 0.016
53288.331323 g 18.082 0.006
53294.375666 r 17.752 0.006
53294.376499 i 17.663 0.006
53294.377333 u 19.200 0.032
53294.378166 z 17.610 0.016
53294.378999 g 17.953 0.006
53296.322678 r 17.351 0.028
53296.323511 i 17.373 0.038
53296.324344 u 18.779 0.023
53296.325178 z 17.353 0.026
53296.326011 g 17.494 0.020
53298.372444 r 17.748 0.007
53298.373277 i 17.645 0.007
53298.374111 u 19.276 0.032
53298.374944 z 17.601 0.017
53298.375777 g 18.055 0.006
53302.323662 r 17.349 0.006
53302.324495 i 17.338 0.006
53302.325329 u 18.730 0.029
53302.326162 z 17.354 0.014
53302.326995 g 17.447 0.006
53312.279242 r 17.749 0.023
53312.280076 i 17.629 0.024
53312.280909 u 19.277 0.041
53312.281742 z 17.610 0.020
53312.282576 g 18.027 0.020
53314.280391 r 17.402 0.006
53314.281224 i 17.393 0.006
53314.282058 u 18.670 0.021
53314.282891 z 17.390 0.015
53314.283724 g 17.457 0.005
53319.268189 r 17.561 0.006
53319.269022 i 17.451 0.006
53319.269856 u 19.109 0.034
53319.270689 z 17.465 0.020
53319.271522 g 17.767 0.006
53616.384746 r 17.739 0.006
#53616.385579 i -99.000 0.007
53616.386413 u 19.336 0.042
53616.387246 z 17.602 0.019
53616.388079 g 18.025 0.006
53626.361173 r 17.387 0.005
#53626.362006 i -99.000 0.010
#53626.362840 u -99.000 0.063
#53626.363673 z -99.000 0.040
#53626.364506 g -99.000 0.005
53628.346039 r 17.647 0.007
53628.346872 i 17.551 0.007
53628.347706 u 19.133 0.043
53628.348539 z 17.504 0.016
53628.349372 g 17.906 0.008
53637.347656 r 17.604 0.007
53637.348489 i 17.507 0.007
53637.349323 u 19.032 0.038
53637.350156 z 17.465 0.018
53637.350989 g 17.857 0.007
53639.393033 r 17.795 0.006
53639.393866 i 17.688 0.007
53639.394700 u 19.341 0.035
53639.395533 z 17.659 0.015
53639.396366 g 18.079 0.007
53641.392199 r 17.322 0.005
53641.393032 i 17.324 0.006
53641.393866 u 18.697 0.023
53641.394699 z 17.335 0.013
53641.395532 g 17.402 0.005
53657.351084 r 17.739 0.010
53657.351917 i 17.601 0.009
53657.352751 u 19.284 0.076
53657.353584 z 17.593 0.024
53657.354417 g 18.018 0.011
53663.335631 r 17.718 0.007
53663.336464 i 17.599 0.007
53663.337298 u 19.318 0.052
53663.338131 z 17.561 0.016
53663.338964 g 18.022 0.009
53665.313602 r 17.289 0.269
#53665.314435 i -99.000 0.087
#53665.315269 u -99.000 1.264
#53665.316102 z -99.000 0.997
#53665.316935 g -99.000 0.120
53666.405723 r 17.751 0.007
53666.406556 i 17.624 0.007
53666.407390 u 19.256 0.049
53666.408223 z 17.576 0.017
53666.409056 g 18.039 0.008
53668.325232 r 17.759 0.006
53668.326065 i 17.673 0.007
53668.326899 u 19.246 0.038
53668.327732 z 17.692 0.020
53668.328565 g 18.035 0.007
53669.412855 r 17.724 0.007
53669.413688 i 17.609 0.007
53669.414522 u 19.253 0.052
53669.415355 z 17.622 0.019
53669.416188 g 18.059 0.008
#53670.330084 r -99.000 0.006
53670.330917 i 17.391 0.006
53670.331751 u 18.844 0.027
53670.332584 z 17.375 0.016
53670.333417 g 17.590 0.005
53673.298070 r 17.390 0.006
53673.298903 i 17.371 0.006
53673.299737 u 18.709 0.022
53673.300570 z 17.365 0.013
53673.301403 g 17.490 0.005
53675.294958 r 17.633 0.006
53675.295791 i 17.529 0.006
53675.296625 u 19.133 0.028
53675.297458 z 17.504 0.015
53675.298291 g 17.882 0.006
53677.315988 r 17.755 0.006
53677.316821 i 17.646 0.007
53677.317655 u 19.227 0.031
53677.318488 z 17.585 0.014
53677.319321 g 18.031 0.006
53680.302656 r 17.743 0.006
53680.303489 i 17.650 0.007
53680.304323 u 19.307 0.032
53680.305156 z 17.566 0.014
53680.305989 g 18.014 0.006
53686.302087 r 17.720 0.009
53686.302920 i 17.610 0.008
53686.303754 u 19.251 0.082
53686.304587 z 17.611 0.021
53686.305420 g 17.985 0.012
53693.304549 r 17.561 0.007
53693.305382 i 17.476 0.007
53693.306216 u 19.045 0.056
53693.307049 z 17.498 0.017
53693.307882 g 17.806 0.008
53698.301937 r 17.704 0.006
53698.302770 i 17.599 0.007
53698.303604 u 19.247 0.035
53698.304437 z 17.594 0.017
53698.305270 g 18.012 0.008
53704.287869 r 17.671 0.006
53704.288702 i 17.558 0.007
53704.289536 u 19.172 0.034
53704.290369 z 17.531 0.018
53704.291202 g 17.943 0.006
53989.383915 r 17.814 0.023
53989.384748 i 17.721 0.014
53989.385582 u 19.362 0.054
53989.386415 z 17.707 0.019
53989.387248 g 18.132 0.015
53995.422674 r 17.779 0.013
53995.423507 i 17.692 0.019
53995.424341 u 19.240 0.027
53995.425174 z 17.664 0.016
53995.426007 g 18.044 0.017
54000.359346 r 17.300 0.024
54000.360179 i 17.319 0.019
54000.361012 u 18.624 0.020
54000.361846 z 17.310 0.016
54000.362679 g 17.346 0.023
54007.409487 r 17.784 0.019
54007.410321 i 17.692 0.022
54007.411154 u 19.345 0.033
54007.411987 z 17.690 0.021
54007.412821 g 18.054 0.020
54009.333263 r 17.515 0.015
54009.334096 i 17.472 0.023
54009.334929 u 18.829 0.023
54009.335763 z 17.495 0.027
54009.336596 g 17.642 0.018
54011.397745 r 17.649 0.010
54011.398578 i 17.524 0.024
54011.399412 u 19.105 0.025
54011.400245 z 17.497 0.024
54011.401078 g 17.933 0.018
54025.396770 r 17.742 0.019
54025.397603 i 17.612 0.016
54025.398437 u 19.189 0.030
54025.399270 z 17.571 0.020
54025.400103 g 18.025 0.017
54029.327112 r 17.481 0.026
54029.327945 i 17.434 0.025
54029.328779 u 18.927 0.023
54029.329612 z 17.449 0.016
54029.330445 g 17.671 0.013
54346.390544 r 17.729 0.010
54346.391377 i 17.631 0.015
54346.392211 u 19.284 0.051
54346.393044 z 17.621 0.023
54346.393877 g 18.046 0.014
54348.394502 r 17.683 0.013
54348.395335 i 17.622 0.015
54348.396169 u 19.086 0.029
54348.397002 z 17.619 0.020
54348.397835 g 17.899 0.014
54358.350322 r 17.689 0.029
54358.351156 i 17.602 0.022
54358.351989 u 19.231 0.037
54358.352822 z 17.565 0.023
54358.353656 g 17.976 0.039
54365.383397 r 17.441 0.021
54365.384230 i 17.399 0.021
#54365.385064 u -99.000 0.023
54365.385897 z 17.384 0.031
54365.386730 g 17.591 0.037
54381.402958 r 17.733 0.051
54381.403792 i 17.630 0.028
54381.404625 u 19.163 0.038
54381.405458 z 17.630 0.023
54381.406292 g 17.992 0.016
54384.409608 r 17.742 0.016
54384.410441 i 17.628 0.017
54384.411274 u 19.240 0.032
54384.412108 z 17.608 0.021
54384.412941 g 18.003 0.021
54386.395268 r 17.456 0.022
54386.396101 i 17.446 0.017
54386.396935 u 18.857 0.026
54386.397768 z 17.391 0.020
54386.398601 g 17.603 0.015
54388.399536 r 17.628 0.017
54388.400370 i 17.524 0.014
54388.401203 u 19.120 0.028
54388.402036 z 17.491 0.020
54388.402870 g 17.897 0.028
54392.397096 r 17.458 0.043
54392.397929 i 17.484 0.035
54392.398763 u 18.895 0.060
54392.399596 z 17.442 0.024
#54392.400429 g -99.000 0.020
54403.313389 r 17.485 0.016
54403.314223 i 17.540 0.018
#54403.315056 u -99.000 0.055
54403.315889 z 17.466 0.020
54403.316723 g 17.669 0.016
54404.370876 r 17.673 0.015
54404.371709 i 17.597 0.014
54404.372542 u 19.200 0.047
54404.373376 z 17.584 0.019
54404.374209 g 17.886 0.021
54405.368853 r 17.670 0.010
54405.369686 i 17.579 0.014
54405.370519 u 19.241 0.038
54405.371353 z 17.531 0.016
54405.372186 g 17.960 0.018
54406.307168 r 17.459 0.021
54406.308002 i 17.421 0.021
54406.308835 u 18.833 0.022
54406.309668 z 17.442 0.025
54406.310502 g 17.596 0.018
54412.332919 r 17.438 0.011
54412.333753 i 17.390 0.017
54412.334586 u 18.801 0.026
54412.335419 z 17.408 0.018
54412.336253 g 17.583 0.021
